image_width: 1280
image_height: 720
camera_name: narrow_stereo
camera_matrix:
  rows: 3
  cols: 3
  data: [752.34704048, 0., 331.98925256,
         0., 740.40094038, 195.82000978,
         0., 0., 1.]                    
distortion_model: plumb_bob
distortion_coefficients:
  rows: 1
  cols: 5
  data: [-9.28349186e-02, 2.11292905e+00, -4.58182714e-03, 1.02857148e-02, -7.41982378e+00]
